94644 20180101  2.422  -68.70   44.93   -16.2   -28.2   -22.2   -20.4     0.0     5.78 C   -16.5   -36.5   -24.2    79.3    52.0    62.2 -99.000   0.303 -99.000   0.431 -99.000     1.4     1.8     2.1     2.9     4.6
94644 20180102  2.422  -68.70   44.93   -13.3   -25.2   -19.3   -19.8     0.0     6.34 C   -16.0   -33.2   -25.6    83.4    42.3    65.8 -99.000   0.299 -99.000   0.416 -99.000     1.3     1.7     2.0     2.8     4.5
94644 20180103  2.422  -68.70   44.93    -4.5   -27.6   -16.0   -16.7     0.0     5.52 C   -10.4   -31.9   -22.6    92.0    50.7    77.4 -99.000   0.296 -99.000   0.411 -99.000     1.3     1.7     1.9     2.7     4.4
94644 20180104  2.422  -68.70   44.93    -1.8   -20.2   -11.0    -9.3    36.3     0.35 C    -2.3   -24.4   -10.1    93.3    82.5    88.9 -99.000   0.296 -99.000   0.402 -99.000     1.2     1.6     1.8     2.7     4.4
94644 20180105  2.422  -68.70   44.93    -2.8   -19.3   -11.1   -12.0     2.2     5.09 C    -3.2   -23.2   -14.4    92.1    49.0    61.2 -99.000   0.295 -99.000   0.401 -99.000     1.2     1.6     1.7     2.6     4.3
94644 20180106  2.422  -68.70   44.93   -18.4   -21.3   -19.8   -19.7     0.0     4.03 C   -19.2   -24.9   -21.7    63.1    43.3    51.2 -99.000   0.292 -99.000   0.385 -99.000     1.3     1.6     1.8     2.5     4.3
94644 20180107  2.422  -68.70   44.93   -11.7   -23.6   -17.6   -17.1     0.0     6.00 C   -13.0   -32.0   -20.4    59.8    35.4    49.3 -99.000   0.289 -99.000   0.378 -99.000     1.4     1.6     1.8     2.5     4.2
94644 20180108  2.422  -68.70   44.93    -5.7   -14.1    -9.9   -10.2     4.4     1.56 C    -6.1   -20.5   -11.3    93.8    49.6    78.8 -99.000   0.290 -99.000   0.379 -99.000     1.4     1.6     1.8     2.6     4.2
94644 20180109  2.422  -68.70   44.93     1.5   -11.1    -4.8    -5.7     0.0     4.91 C    -1.2   -20.9    -9.1    92.4    48.2    74.4 -99.000   0.289 -99.000   0.381 -99.000     1.4     1.6     1.8     2.6     4.1
94644 20180110  2.422  -68.70   44.93     0.1   -15.0    -7.5    -7.2     0.0     6.77 C    -4.5   -22.9   -14.3    88.8    38.0    69.9 -99.000   0.287 -99.000   0.376 -99.000     1.4     1.6     1.9     2.6     4.1
94644 20180111  2.422  -68.70   44.93     7.8    -3.9     2.0     3.9     0.0     4.15 C     0.5    -4.9    -0.4    91.9    64.7    79.4 -99.000   0.289 -99.000   0.382 -99.000     1.4     1.7     1.9     2.5     4.1
94644 20180112  2.422  -68.70   44.93    11.8     7.3     9.5     9.4    26.3     0.90 C     2.7    -0.2     0.6    96.3    87.3    93.6 -99.000   0.413 -99.000   0.426 -99.000     1.3     1.6     1.8     2.5     4.0
94644 20180113  2.422  -68.70   44.93    11.8   -10.5     0.7    -1.3    40.4     1.45 C     5.8   -11.0    -2.4    98.5    77.5    89.1 -99.000   0.521 -99.000   0.427 -99.000     1.1     1.4     1.5     2.3     4.0
94644 20180114  2.422  -68.70   44.93   -10.3   -16.7   -13.5   -13.2     0.0     7.40 C    -5.8   -17.4   -12.6    83.2    59.3    73.5 -99.000   0.510 -99.000   0.428 -99.000     0.8     1.2     1.4     2.3     3.9
94644 20180115  2.422  -68.70   44.93   -10.2   -19.3   -14.7   -14.5     0.0     4.76 C    -5.5   -19.0   -12.6    81.9    70.0    77.3 -99.000   0.379 -99.000   0.430 -99.000     0.4     1.1     1.2     2.1     3.8
94644 20180116  2.422  -68.70   44.93    -5.3   -12.0    -8.7    -9.7     0.0     7.22 C    -1.0   -12.9    -8.2    90.9    58.1    79.0 -99.000   0.329 -99.000   0.431 -99.000     0.3     0.9     1.0     2.0     3.8
94644 20180117  2.422  -68.70   44.93    -4.2    -8.7    -6.5    -5.7    10.0     0.39 C    -4.1    -8.1    -5.3    93.2    90.8    91.9 -99.000   0.312 -99.000   0.430 -99.000     0.3     0.9     1.0     1.9     3.7
94644 20180118  2.422  -68.70   44.93    -2.4   -13.8    -8.1    -7.1     0.0     6.09 C    -4.9   -23.2   -13.5    96.7    61.5    85.4 -99.000   0.309 -99.000   0.431 -99.000     0.2     0.8     0.9     1.9     3.6
94644 20180119  2.422  -68.70   44.93    -1.5   -12.8    -7.2    -5.9     0.0     4.48 C    -3.4   -19.4    -7.6    92.4    71.8    85.0 -99.000   0.306 -99.000   0.432 -99.000     0.2     0.8     0.9     1.8     3.5
94644 20180120  2.422  -68.70   44.93     5.4    -3.0     1.2     1.4     0.0     3.94 C     0.1    -7.1    -1.7    83.9    51.9    68.7 -99.000   0.305 -99.000   0.432 -99.000     0.2     0.8     0.8     1.8     3.4
94644 20180121  2.422  -68.70   44.93     3.6    -2.8     0.4    -0.1     0.0     6.58 C    -0.3    -8.5    -3.9    82.3    42.3    55.9 -99.000   0.304 -99.000   0.421 -99.000     0.3     0.8     0.8     1.7     3.4
94644 20180122  2.422  -68.70   44.93    -2.1    -8.8    -5.5    -6.7     3.1     1.72 C    -4.0    -8.4    -6.6    88.0    42.8    61.0 -99.000   0.300 -99.000   0.412 -99.000     0.3     0.8     0.8     1.7     3.3
94644 20180123  2.422  -68.70   44.93    10.8    -7.8     1.5    -1.4    24.4     0.36 C     2.6    -7.6    -2.3   100.0    87.5    94.6 -99.000 -99.000 -99.000   0.422 -99.000     0.2     0.7     0.8     1.7     3.3
94644 20180124  2.422  -68.70   44.93     2.2    -8.6    -3.2    -2.6     0.4     6.32 C     0.3   -11.8    -4.9    98.2    52.2    73.6 -99.000 -99.000 -99.000   0.433 -99.000     0.3     0.7     0.7     1.6     3.2
94644 20180125  2.422  -68.70   44.93    -8.6   -14.2   -11.4   -11.6     0.0     8.55 C    -7.5   -16.8   -13.1    68.6    43.0    57.2 -99.000   0.477 -99.000   0.434 -99.000     0.2     0.7     0.7     1.5     3.2
94644 20180126  2.422  -68.70   44.93    -4.5   -16.3   -10.4   -11.5     0.0     8.74 C    -4.6   -18.0   -13.3    88.9    37.9    60.3 -99.000   0.351 -99.000   0.435 -99.000     0.2     0.7     0.7     1.5     3.1
94644 20180127  2.422  -68.70   44.93     4.9   -16.5    -5.8    -4.5     0.8     3.57 C     1.4   -17.0    -5.4    88.1    71.0    81.3 -99.000   0.313 -99.000   0.435 -99.000     0.1     0.7     0.7     1.5     3.1
94644 20180128  2.422  -68.70   44.93     8.1    -2.8     2.6     3.5     0.0     4.44 C     3.4    -6.4    -0.5    96.9    41.8    71.7 -99.000 -99.000 -99.000   0.436 -99.000     0.1     0.6     0.7     1.5     3.1
94644 20180129  2.422  -68.70   44.93    -1.5    -9.0    -5.3    -6.0     0.0     7.07 C    -1.1   -10.3    -6.3    82.9    42.7    54.7 -99.000 -99.000 -99.000   0.437 -99.000     0.1     0.6     0.7     1.4     3.0
94644 20180130  2.422  -68.70   44.93    -8.3   -11.2    -9.7    -9.5     4.9     1.99 C    -7.2   -15.9    -9.3    83.8    62.3    74.3 -99.000 -99.000 -99.000   0.432 -99.000     0.1     0.6     0.6     1.4     3.0
94644 20180131  2.422  -68.70   44.93    -5.0   -13.9    -9.5    -9.7     0.4     9.37 C    -6.8   -20.0   -13.5    83.7    27.1    55.1 -99.000 -99.000 -99.000   0.395 -99.000     0.0     0.5     0.6     1.4     3.0
94644 20180201  2.422  -68.70   44.93     0.8    -7.3    -3.3    -2.6     2.3     2.29 C    -0.1    -7.5    -3.8    98.2    81.7    89.5 -99.000 -99.000 -99.000   0.375 -99.000     0.0     0.5     0.6     1.3     2.9
94644 20180202  2.422  -68.70   44.93    -0.3   -16.6    -8.4    -7.9     8.4     5.44 C    -0.1   -23.1    -9.6    98.0    49.5    75.1 -99.000 -99.000 -99.000   0.370 -99.000     0.0     0.5     0.5     1.3     2.9
94644 20180203  2.422  -68.70   44.93   -10.6   -24.0   -17.3   -16.8     0.0     9.99 C   -13.9   -32.3   -22.6    87.4    38.9    62.1 -99.000 -99.000 -99.000   0.362 -99.000     0.0     0.5     0.5     1.3     2.9
94644 20180204  2.422  -68.70   44.93     5.6   -21.6    -8.0    -2.6    13.3     2.69 C     0.3   -25.0    -4.3    96.7    72.6    89.1 -99.000 -99.000 -99.000   0.365 -99.000     0.0     0.4     0.5     1.3     2.9
94644 20180205  2.422  -68.70   44.93     5.5   -10.4    -2.5    -0.7    10.4     4.32 C     0.6   -14.1    -3.6    99.8    36.9    72.5 -99.000 -99.000 -99.000   0.432 -99.000    -0.1     0.3     0.5     1.1     2.8
94644 20180206  2.422  -68.70   44.93    -2.6   -13.4    -8.0    -8.6     0.0     6.01 C    -0.6   -16.6   -10.2    91.7    46.4    67.7 -99.000 -99.000 -99.000   0.433 -99.000     0.0     0.4     0.5     1.2     2.8
94644 20180207  2.422  -68.70   44.93    -4.3   -17.3   -10.8    -9.9    18.5     2.31 C    -4.6   -18.6    -9.8    93.2    56.8    86.0 -99.000 -99.000 -99.000   0.433 -99.000    -0.1     0.4     0.5     1.2     2.8
94644 20180208  2.422  -68.70   44.93    -4.6   -17.6   -11.1    -8.8     0.0    10.82 C    -7.0   -27.4   -14.4    86.2    38.9    65.4 -99.000 -99.000 -99.000   0.432 -99.000    -0.1     0.4     0.4     1.2     2.7
94644 20180209  2.422  -68.70   44.93    -4.2   -22.3   -13.2   -12.4     0.0     8.02 C    -6.8   -30.3   -17.9    87.2    40.2    69.9 -99.000 -99.000 -99.000   0.432 -99.000    -0.1     0.3     0.4     1.2     2.7
94644 20180210  2.422  -68.70   44.93    -1.2   -10.7    -5.9    -3.7    10.9     1.00 C    -0.1    -9.9    -3.3    99.6    80.5    93.4 -99.000 -99.000 -99.000   0.417 -99.000    -0.1     0.3     0.4     1.2     2.7
94644 20180211  2.422  -68.70   44.93     0.5    -1.4    -0.5    -0.3     4.0     1.88 C     0.0    -1.8    -0.5    98.4    91.4    95.3 -99.000 -99.000 -99.000   0.413 -99.000    -0.1     0.3     0.4     1.2     2.6
94644 20180212  2.422  -68.70   44.93     1.4    -8.0    -3.3    -1.2     0.0     7.11 C     0.0   -13.6    -4.4    99.2    39.1    69.3 -99.000 -99.000 -99.000   0.421 -99.000    -0.1     0.3     0.4     1.2     2.6
94644 20180213  2.422  -68.70   44.93    -4.7   -13.2    -8.9    -8.7     0.0    11.78 C    -6.9   -20.5   -14.2    72.2    28.9    47.4 -99.000 -99.000 -99.000   0.411 -99.000    -0.1     0.3     0.4     1.1     2.6
94644 20180214  2.422  -68.70   44.93     5.0   -12.9    -3.9    -2.3     0.0     9.41 C     0.2   -17.4    -6.8    95.3    44.9    71.6 -99.000 -99.000 -99.000   0.429 -99.000    -0.1     0.3     0.4     1.1     2.6
94644 20180215  2.422  -68.70   44.93     7.6   -10.4    -1.4    -0.5     0.0     8.22 C     0.4   -15.7    -5.9    99.0    49.8    82.8 -99.000 -99.000 -99.000   0.435 -99.000    -0.1     0.3     0.4     1.1     2.6
94644 20180216  2.422  -68.70   44.93     6.0    -6.2    -0.1     0.8     0.0     3.87 C     0.2   -10.8    -1.9   100.0    42.7    78.9 -99.000 -99.000 -99.000   0.435 -99.000    -0.1     0.3     0.4     1.1     2.5
94644 20180217  2.422  -68.70   44.93    -3.2   -10.8    -7.0    -6.2     0.4    11.95 C    -3.2   -16.7    -9.5    80.5    29.7    44.7 -99.000 -99.000 -99.000   0.435 -99.000    -0.1     0.3     0.4     1.1     2.5
94644 20180218  2.422  -68.70   44.93     2.5   -11.0    -4.3    -2.1     6.8     9.55 C     0.4   -17.8    -5.8    96.0    49.2    79.8 -99.000 -99.000 -99.000   0.436 -99.000     0.0     0.3     0.4     1.1     2.5
94644 20180219  2.422  -68.70   44.93     5.8   -14.8    -4.5    -2.1     0.5    11.74 C     0.2   -19.9    -7.1    98.4    55.6    80.9 -99.000 -99.000 -99.000   0.436 -99.000     0.0     0.3     0.4     1.1     2.5
94644 20180220  2.422  -68.70   44.93     4.6     0.9     2.7     2.6     5.3     1.85 C     0.4    -0.1     0.1    99.4    95.3    98.4 -99.000 -99.000 -99.000   0.438 -99.000     0.0     0.3     0.4     1.0     2.5
94644 20180221  2.422  -68.70   44.93    11.9     0.8     6.4     5.3     0.0     6.56 C     2.5    -1.7     0.7    99.7    41.4    86.5 -99.000 -99.000 -99.000   0.439 -99.000     0.0     0.2     0.4     1.0     2.4
94644 20180222  2.422  -68.70   44.93     2.9    -7.3    -2.2    -1.6     0.0     7.08 C     3.0   -10.3    -3.2    71.3    37.3    50.1 -99.000 -99.000 -99.000   0.437 -99.000     0.0     0.2     0.3     1.0     2.4
94644 20180223  2.422  -68.70   44.93     0.9   -11.4    -5.3    -4.3     1.5     9.07 C     2.6   -12.2    -4.1    94.6    35.1    67.9 -99.000 -99.000 -99.000   0.437 -99.000     0.0     0.3     0.4     1.0     2.4
94644 20180224  2.422  -68.70   44.93     7.0    -4.4     1.3     2.4     0.0     7.47 C     6.0    -8.3    -0.3    96.4    44.7    69.6 -99.000 -99.000 -99.000   0.437 -99.000     0.0     0.2     0.4     1.0     2.4
94644 20180225  2.422  -68.70   44.93     0.7    -5.4    -2.4    -2.0     4.5     3.33 C     0.3    -8.7    -2.7    97.8    43.4    70.7 -99.000 -99.000 -99.000   0.437 -99.000     0.0     0.3     0.4     0.9     2.4
94644 20180226  2.422  -68.70   44.93     7.7    -3.2     2.2     2.0     0.2     9.07 C     6.9    -7.8    -0.2    99.2    37.6    78.0 -99.000 -99.000 -99.000   0.438 -99.000     0.0     0.3     0.4     0.9     2.4
94644 20180227  2.422  -68.70   44.93     7.8    -5.5     1.1     1.0     0.0    14.02 C     7.9    -8.7    -1.5    85.0    30.0    57.1 -99.000 -99.000 -99.000   0.438 -99.000     0.0     0.2     0.4     0.9     2.4
94644 20180228  2.422  -68.70   44.93     9.3    -4.1     2.6     3.2     0.0     9.42 C    14.6    -7.4     1.0    87.8    40.5    63.5 -99.000 -99.000 -99.000   0.439 -99.000     0.0     0.2     0.3     0.9     2.4
94644 20180301  2.422  -68.70   44.93     4.5    -0.9     1.8     2.3     0.2     2.20 C     5.1    -0.8     1.8    94.7    76.3    87.9 -99.000 -99.000 -99.000   0.438 -99.000     0.0     0.2     0.4     0.9     2.3
94644 20180302  2.422  -68.70   44.93     4.5    -1.7     1.4     1.2     0.3     4.91 C     7.3    -1.4     0.6    95.4    48.1    77.6 -99.000 -99.000 -99.000   0.438 -99.000     0.0     0.3     0.3     0.9     2.3
94644 20180303  2.422  -68.70   44.93     5.2     1.1     3.1     2.9     0.0     5.87 C     6.8    -0.4     1.7    88.4    53.8    70.3 -99.000 -99.000 -99.000   0.439 -99.000     0.0     0.3     0.3     0.9     2.3
94644 20180304  2.422  -68.70   44.93     3.4     0.3     1.8     1.7     0.0     6.98 C     9.0    -2.0     1.2    73.5    52.7    62.8 -99.000 -99.000 -99.000   0.440 -99.000     0.0     0.3     0.3     0.9     2.3
94644 20180305  2.422  -68.70   44.93     5.0    -0.5     2.3     1.8     0.0    10.73 C    11.7    -3.4     1.5    75.9    44.3    60.6 -99.000 -99.000 -99.000   0.439 -99.000     0.0     0.3     0.4     0.9     2.3
94644 20180306  2.422  -68.70   44.93     4.1    -0.9     1.6     0.5     0.0    11.58 C    12.8    -1.7     1.3    69.5    45.9    60.3 -99.000 -99.000 -99.000   0.439 -99.000     0.0     0.3     0.4     0.9     2.3
94644 20180307  2.422  -68.70   44.93     1.1    -1.8    -0.3    -0.2     2.3     2.62 C     2.4    -2.1    -0.5    92.4    64.1    69.9 -99.000 -99.000 -99.000   0.439 -99.000     0.0     0.3     0.4     0.9     2.3
94644 20180308  2.422  -68.70   44.93     0.3    -2.0    -0.9    -1.2    23.3     3.56 C    -0.2    -3.8    -1.7    95.0    86.0    91.6 -99.000 -99.000 -99.000   0.440 -99.000     0.0     0.3     0.4     0.9     2.3
94644 20180309  2.422  -68.70   44.93     2.7    -4.4    -0.8    -0.3     0.4     8.84 C     0.5   -12.9    -2.4    96.4    60.5    85.8 -99.000 -99.000 -99.000   0.440 -99.000     0.0     0.3     0.4     0.9     2.3
94644 20180310  2.422  -68.70   44.93     2.1    -2.2     0.0    -0.3     1.3     7.03 C    -0.3    -7.4    -2.6    91.8    58.9    74.7 -99.000 -99.000 -99.000   0.439 -99.000     0.0     0.3     0.4     0.9     2.3
94644 20180311  2.422  -68.70   44.93     3.8    -5.5    -0.8    -0.5     0.0     9.44 C     0.7   -13.1    -5.6    96.8    46.9    70.7 -99.000 -99.000 -99.000   0.440 -99.000     0.0     0.3     0.4     0.9     2.2
94644 20180312  2.422  -68.70   44.93     4.0    -9.4    -2.7    -1.1     0.0    11.24 C     1.0   -16.1    -5.4    97.6    48.4    75.1 -99.000 -99.000 -99.000   0.440 -99.000     0.0     0.3     0.4     0.9     2.2
94644 20180313  2.422  -68.70   44.93     0.8    -1.8    -0.5    -0.5    26.6     1.77 C    -0.3    -3.4    -1.5    94.8    63.9    81.7 -99.000 -99.000 -99.000   0.439 -99.000     0.0     0.3     0.4     0.9     2.2
94644 20180314  2.422  -68.70   44.93     1.0    -0.5     0.2     0.1    13.3     4.51 C     0.1    -4.3    -0.6    96.2    88.9    94.3 -99.000 -99.000 -99.000   0.439 -99.000     0.0     0.3     0.4     0.9     2.2
94644 20180315  2.422  -68.70   44.93     2.9    -1.9     0.5     0.3     2.0     8.09 C     0.5    -6.3    -1.8    97.4    65.4    80.0 -99.000 -99.000 -99.000   0.439 -99.000     0.0     0.3     0.4     0.9     2.2
94644 20180316  2.422  -68.70   44.93     0.1    -5.2    -2.5    -2.5     0.0    17.14 C    -1.2   -11.5    -6.1    79.0    46.8    57.5 -99.000 -99.000 -99.000   0.439 -99.000     0.0     0.3     0.4     0.9     2.2
94644 20180317  2.422  -68.70   44.93    -5.2   -10.4    -7.8    -8.0     0.0    17.53 C    -6.7   -16.5   -11.8    54.0    27.0    41.1 -99.000 -99.000 -99.000   0.437 -99.000     0.0     0.3     0.4     0.9     2.2
94644 20180318  2.422  -68.70   44.93    -3.5   -14.6    -9.0    -8.6     0.0    19.00 C    -5.2   -23.8   -13.4    53.2    25.7    39.7 -99.000 -99.000 -99.000   0.439 -99.000     0.0     0.3     0.4     0.9     2.2
94644 20180319  2.422  -68.70   44.93    -1.7   -16.6    -9.1    -7.3     0.0    18.66 C    -3.1   -25.1   -12.0    63.4    36.2    44.9 -99.000 -99.000 -99.000   0.440 -99.000     0.0     0.3     0.5     0.9     2.2
94644 20180320  2.422  -68.70   44.93     3.6   -11.8    -4.1    -3.7     0.0    19.07 C    -0.4   -21.0   -10.1    74.9    34.6    51.4 -99.000 -99.000 -99.000   0.440 -99.000     0.1     0.3     0.5     0.9     2.2
94644 20180321  2.422  -68.70   44.93     5.3   -11.6    -3.1    -1.2     0.0    13.11 C     0.0   -20.9    -7.1    86.9    38.8    57.5 -99.000 -99.000 -99.000   0.440 -99.000     0.1     0.4     0.5     0.9     2.2
94644 20180322  2.422  -68.70   44.93     4.0    -2.6     0.7     0.5     1.6     5.20 C     0.0    -5.7    -2.5    83.0    48.9    62.2 -99.000 -99.000 -99.000   0.439 -99.000     0.1     0.4     0.5     0.9     2.2
94644 20180323  2.422  -68.70   44.93     7.1    -4.0     1.5     1.4     0.0    17.44 C     0.6   -12.3    -3.7    85.7    32.9    58.2 -99.000 -99.000 -99.000   0.439 -99.000     0.1     0.4     0.5     0.9     2.2
94644 20180324  2.422  -68.70   44.93     5.8    -5.5     0.2     0.5     0.3    13.56 C     0.4   -11.5    -3.7    96.7    45.3    73.8 -99.000 -99.000 -99.000   0.439 -99.000     0.1     0.4     0.5     0.9     2.2
94644 20180325  2.422  -68.70   44.93     3.9    -7.6    -1.8    -0.5     0.0    14.41 C     0.4   -14.7    -4.7    81.6    33.1    56.8 -99.000 -99.000 -99.000   0.439 -99.000     0.1     0.4     0.5     0.9     2.2
94644 20180326  2.422  -68.70   44.93     5.7   -11.3    -2.8    -2.9     0.0    20.75 C     0.3   -18.6    -8.7    90.2    17.1    54.4 -99.000 -99.000 -99.000   0.440 -99.000     0.2     0.4     0.5     0.9     2.2
94644 20180327  2.422  -68.70   44.93     9.6   -11.9    -1.2    -0.6     0.0    20.36 C     0.6   -17.6    -5.8    92.7    15.2    53.1 -99.000 -99.000 -99.000   0.438 -99.000     0.2     0.4     0.5     0.9     2.2
94644 20180328  2.422  -68.70   44.93    10.4    -0.8     4.8     4.3     0.0    12.59 C     0.9    -3.4    -0.1    89.0    36.5    59.6 -99.000 -99.000 -99.000   0.439 -99.000     0.2     0.4     0.5     0.9     2.2
94644 20180329  2.422  -68.70   44.93    10.7    -4.0     3.3     3.5     1.1    16.37 C     2.3    -8.3    -1.4    97.5    44.5    72.6 -99.000 -99.000 -99.000   0.437 -99.000     0.2     0.4     0.5     0.9     2.2
94644 20180330  2.422  -68.70   44.93     9.9     2.4     6.1     5.7     8.1     5.50 C    10.1     0.3     2.9    99.1    71.0    89.7 -99.000 -99.000 -99.000   0.437 -99.000     0.1     0.3     0.5     0.9     2.2
94644 20180331  2.422  -68.70   44.93     8.8     0.4     4.6     4.0     0.0    21.12 C    12.4    -4.0     2.7    89.5    25.0    47.9 -99.000 -99.000 -99.000   0.438 -99.000     0.1     0.3     0.5     0.9     2.1
94644 20180401  2.422  -68.70   44.93    10.9    -3.3     3.8     4.9     0.0    12.74 C    16.8    -9.5     2.8    72.3    27.2    50.0 -99.000 -99.000 -99.000   0.438 -99.000     0.3     0.4     0.6     0.9     2.1
94644 20180402  2.422  -68.70   44.93     4.8    -5.5    -0.4    -0.3     0.0    17.28 C    21.0    -9.6    -0.1    83.9    31.8    57.3 -99.000 -99.000 -99.000   0.438 -99.000     0.4     0.5     0.7     0.9     2.1
94644 20180403  2.422  -68.70   44.93     8.6    -4.3     2.1     2.0     0.4    16.80 C    19.1    -8.6     2.7    96.8    47.0    75.0 -99.000 -99.000 -99.000   0.438 -99.000     0.7     0.7     0.8     1.0     2.2
94644 20180404  2.422  -68.70   44.93     6.3     0.3     3.3     2.6    19.1     2.15 C     9.1    -1.0     2.5    98.9    83.0    96.8 -99.000 -99.000 -99.000   0.438 -99.000     1.2     0.9     1.0     1.2     2.2
94644 20180405  2.422  -68.70   44.93     1.8    -5.9    -2.0    -2.8     0.0    21.78 C     7.8    -9.7    -2.2    83.3    26.5    42.7 -99.000 -99.000 -99.000   0.438 -99.000     0.8     0.9     1.1     1.3     2.3
94644 20180406  2.422  -68.70   44.93     3.8    -9.9    -3.1    -1.9     4.0    18.62 C    15.8   -14.2    -1.1    96.5    29.1    62.8 -99.000 -99.000 -99.000   0.439 -99.000     0.4     0.7     0.8     1.2     2.3
94644 20180407  2.422  -68.70   44.93     6.2    -3.6     1.3     1.4     0.0    16.78 C    16.0    -9.5     0.2    96.3    37.2    68.4 -99.000 -99.000 -99.000   0.439 -99.000     0.7     0.7     0.8     1.1     2.3
94644 20180408  2.422  -68.70   44.93     5.0    -6.4    -0.7    -0.2     0.0    18.92 C    18.2   -10.6     0.5    84.7    23.8    47.4 -99.000 -99.000 -99.000   0.440 -99.000     0.7     0.7     0.9     1.2     2.3
94644 20180409  2.422  -68.70   44.93     1.2    -6.1    -2.4    -2.5     0.0    22.69 C    11.8   -13.0    -1.8    66.8    24.4    43.4 -99.000 -99.000 -99.000   0.440 -99.000     0.7     0.7     0.9     1.2     2.3
94644 20180410  2.422  -68.70   44.93     5.4    -9.3    -2.0    -1.1     0.0    18.98 C    18.8   -13.6    -0.2    89.7    29.2    56.1 -99.000 -99.000 -99.000   0.441 -99.000     0.6     0.7     0.8     1.2     2.4
94644 20180411  2.422  -68.70   44.93     8.8    -5.8     1.5     1.5     0.0    19.33 C    25.6   -11.0     3.0    97.8    30.4    68.0 -99.000 -99.000 -99.000   0.440 -99.000     1.1     0.8     1.0     1.2     2.4
94644 20180412  2.422  -68.70   44.93    11.8    -3.3     4.3     4.6     6.9    19.87 C    27.6    -8.5     6.6    98.1    31.1    68.5 -99.000 -99.000 -99.000   0.440 -99.000     2.2     1.1     1.5     1.5     2.4
94644 20180413  2.422  -68.70   44.93    12.4     4.2     8.3     7.9     2.8    18.54 C    23.0     3.9     9.5    97.5    44.5    75.0 -99.000 -99.000 -99.000   0.439 -99.000     4.1     2.4     2.5     1.9     2.6
94644 20180414  2.422  -68.70   44.93     4.5    -1.5     1.5     2.1     0.6     6.40 C    11.7    -1.8     2.5    99.0    23.3    53.0 -99.000   0.434 -99.000   0.437 -99.000     3.6     2.8     3.1     2.4     2.8
94644 20180415  2.422  -68.70   44.93     1.7    -3.9    -1.1    -1.0     0.0    10.79 C    13.6    -3.2     1.7    39.8    26.9    32.5 -99.000   0.370 -99.000   0.439 -99.000     2.2     2.1     2.4     2.4     3.0
94644 20180416  2.422  -68.70   44.93     4.3    -1.2     1.5     0.7     9.4     4.58 C     4.9    -1.1     0.9    92.8    39.5    78.4 -99.000   0.398 -99.000   0.438 -99.000     1.9     1.8     2.1     2.3     3.1
94644 20180417  2.422  -68.70   44.93    10.8     2.9     6.9     7.0    13.9     9.37 C    17.5    -0.2     7.8    95.5    68.0    86.5 -99.000   0.491 -99.000   0.437 -99.000     3.7     2.6     2.7     2.3     3.1
94644 20180418  2.422  -68.70   44.93     7.7    -0.7     3.5     3.9     0.0    11.55 C    14.6    -3.2     3.7    90.8    54.8    71.8 -99.000   0.488 -99.000   0.437 -99.000     3.8     3.2     3.3     2.8     3.2
94644 20180419  2.422  -68.70   44.93     9.6     1.9     5.7     5.6     0.0     9.33 C    20.4    -2.4     5.9    81.4    46.0    64.2 -99.000   0.429 -99.000   0.438 -99.000     4.0     3.4     3.4     3.0     3.4
94644 20180420  2.422  -68.70   44.93     9.0     1.6     5.3     4.9     1.2    11.06 C    19.1     0.4     5.3    92.0    48.2    73.2 -99.000   0.395 -99.000   0.437 -99.000     4.4     3.8     3.7     3.2     3.6
94644 20180421  2.422  -68.70   44.93    10.4    -1.8     4.3     4.9     0.0    13.61 C    15.8    -7.6     3.4    94.2    32.2    57.4 -99.000   0.367 -99.000   0.438 -99.000     4.1     3.8     3.8     3.4     3.8
94644 20180422  2.422  -68.70   44.93    13.3    -4.2     4.6     4.9     0.0    25.59 C    27.4    -9.3     4.9    92.7    17.7    49.3 -99.000   0.345 -99.000   0.437 -99.000     4.1     3.6     3.7     3.4     3.9
94644 20180423  2.422  -68.70   44.93    17.7    -4.7     6.5     7.8     0.0    25.81 C    31.7   -10.2     8.5    90.9    13.1    42.8 -99.000   0.332 -99.000   0.432 -99.000     4.7     4.0     3.9     3.6     4.0
94644 20180424  2.422  -68.70   44.93    21.9    -0.8    10.5    11.6     0.0    22.70 C    33.7    -6.1    11.0    80.4    21.4    44.6 -99.000   0.323 -99.000   0.406 -99.000     6.0     4.9     4.7     4.0     4.2
94644 20180425  2.422  -68.70   44.93    16.9     7.2    12.1    11.0    15.8     9.25 C    29.0     1.7    10.8    95.5    51.4    74.4 -99.000   0.322 -99.000   0.392 -99.000     6.8     5.8     5.5     4.5     4.4
94644 20180426  2.422  -68.70   44.93    12.2     8.7    10.5    10.7    23.9     3.97 C    16.9     4.6    10.7    96.4    83.8    93.6 -99.000   0.502 -99.000   0.427 -99.000     7.8     6.8     6.5     5.1     4.8
94644 20180427  2.422  -68.70   44.93    18.1     4.9    11.5    10.6     5.8    14.32 C    27.4     0.6    11.0    96.9    47.8    78.9 -99.000   0.504 -99.000   0.427 -99.000     8.1     7.1     6.9     5.6     5.2
94644 20180428  2.422  -68.70   44.93    16.5     6.7    11.6    10.6     0.0    13.42 C    25.6     3.2    11.6    98.7    58.1    87.7 -99.000   0.504 -99.000   0.428 -99.000     8.8     7.7     7.4     6.0     5.5
94644 20180429  2.422  -68.70   44.93    19.9     4.1    12.0    11.3     4.6    16.76 C    33.0     1.2    13.1    99.2    44.6    81.7 -99.000   0.442 -99.000   0.428 -99.000     9.3     8.1     7.9     6.4     5.8
94644 20180430  2.422  -68.70   44.93    15.7     4.5    10.1     9.9     0.0    16.41 C    29.3     1.5    11.9    96.3    45.0    77.8 -99.000   0.449 -99.000   0.429 -99.000    10.0     8.8     8.5     7.0     6.2
94644 20180501  2.422  -68.70   44.93    15.8     4.8    10.3     8.7     0.5    15.55 C    26.4     1.1    10.2    96.6    41.5    79.4 -99.000   0.390 -99.000   0.429 -99.000     9.7     8.8     8.6     7.3     6.6
94644 20180502  2.422  -68.70   44.93    29.9     5.5    17.7    19.4     0.0    20.90 C    33.4     3.8    18.0    95.7    26.2    54.1 -99.000   0.355 -99.000   0.430 -99.000    10.6     9.2     8.9     7.5     6.8
94644 20180503  2.422  -68.70   44.93    22.4     9.9    16.1    15.2    12.7     5.65 C    21.3     9.6    14.9    97.3    47.7    81.5 -99.000   0.354 -99.000   0.429 -99.000    11.7    10.3    10.0     8.1     7.2
94644 20180504  2.422  -68.70   44.93    17.0     9.1    13.0    11.8     5.6     9.53 C    27.5     9.5    13.5    99.3    73.5    90.1 -99.000   0.468 -99.000   0.429 -99.000    11.4    10.3    10.1     8.5     7.6
94644 20180505  2.422  -68.70   44.93    20.4     8.4    14.4    14.0     0.0    25.14 C    26.4     4.0    13.5    97.0    28.4    56.6 -99.000   0.448 -99.000   0.427 -99.000    11.5    10.5    10.3     8.8     7.9
94644 20180506  2.422  -68.70   44.93    20.8     5.6    13.2    14.1     0.0    10.48 C    22.8     2.1    12.5    92.8    42.0    67.2 -99.000   0.369 -99.000   0.427 -99.000    11.1    10.3    10.2     9.0     8.2
94644 20180507  2.422  -68.70   44.93    18.1     4.2    11.1    12.5     0.0    26.96 C    28.4     0.2    13.4    94.0    18.3    48.7 -99.000   0.335 -99.000   0.420 -99.000    11.8    10.7    10.5     9.1     8.3
94644 20180508  2.422  -68.70   44.93    20.1     1.2    10.7    11.6     0.0    26.02 C    29.0    -1.2    11.7    99.6    35.5    65.2 -99.000   0.316 -99.000   0.378 -99.000    11.4    10.6    10.5     9.2     8.6
94644 20180509  2.422  -68.70   44.93    24.4     1.8    13.1    12.7     0.0    25.98 C    31.1    -0.7    13.1    99.1    22.5    64.8 -99.000   0.306 -99.000   0.352 -99.000    12.0    10.9    10.8     9.4     8.7
94644 20180510  2.422  -68.70   44.93    20.0     1.8    10.9    11.2     0.0    21.48 C    27.5    -1.3    12.3    99.0    49.4    77.4 -99.000   0.297 -99.000   0.340 -99.000    11.8    10.9    10.9     9.6     8.9
94644 20180511  2.422  -68.70   44.93    12.5     2.3     7.4     9.3     0.0    28.24 C    24.9    -2.5    10.6    92.6    26.1    48.3 -99.000   0.290 -99.000   0.332 -99.000    11.8    11.1    11.0     9.8     9.1
94644 20180512  2.422  -68.70   44.93    15.4    -2.6     6.4     7.4     0.0    27.30 C    25.7    -5.6     8.5    94.4    27.0    55.8 -99.000   0.282 -99.000   0.314 -99.000    10.6    10.3    10.4     9.6     9.2
94644 20180513  2.422  -68.70   44.93    19.6    -1.0     9.3     9.9     0.0    26.66 C    29.5    -3.8    11.1    99.8    22.8    65.4 -99.000   0.276 -99.000   0.310 -99.000    10.9    10.3    10.3     9.5     9.3
94644 20180514  2.422  -68.70   44.93    17.7     6.9    12.3    11.6     0.0    22.60 C    27.5     4.3    13.1    96.1    56.3    76.6 -99.000   0.269 -99.000   0.305 -99.000    11.9    10.9    10.8     9.6     9.3
94644 20180515  2.422  -68.70   44.93    15.6     5.7    10.7    11.9    10.0     5.82 C    19.0     3.1    11.6    99.4    63.9    93.0 -99.000   0.268 -99.000   0.307 -99.000    11.7    11.0    11.1     9.9     9.4
94644 20180516  2.422  -68.70   44.93    16.3     0.9     8.6     9.3     0.0    27.54 C    23.9    -0.8    10.5    96.3    33.0    63.7 -99.000   0.273 -99.000   0.312 -99.000    11.7    11.0    11.0     9.9     9.5
94644 20180517  2.422  -68.70   44.93    21.8     8.2    15.0    14.5     0.0    20.97 C    27.5     4.7    14.7    95.0    36.5    63.8 -99.000   0.267 -99.000   0.306 -99.000    12.6    11.5    11.4    10.1     9.6
94644 20180518  2.422  -68.70   44.93    17.0     0.8     8.9     9.8     0.0    29.07 C    25.4    -2.3    10.1    81.3    21.9    45.2 -99.000   0.259 -99.000   0.300 -99.000    12.3    11.5    11.6    10.3     9.8
94644 20180519  2.422  -68.70   44.93    18.7    -0.2     9.3    10.2    10.6    20.69 C    27.5    -2.3    10.3    97.6    27.9    62.9 -99.000   0.253 -99.000   0.295 -99.000    11.4    11.0    11.2    10.3    10.0
94644 20180520  2.422  -68.70   44.93    20.9     7.5    14.2    13.9     0.8    10.40 C    25.7     2.7    13.0    97.4    52.4    82.6 -99.000   0.258 -99.000   0.302 -99.000    12.1    11.3    11.4    10.3    10.0
94644 20180521  2.422  -68.70   44.93    24.5     4.3    14.4    15.5     0.0    27.75 C    26.6     0.3    13.1    99.0    24.3    55.0 -99.000   0.257 -99.000   0.299 -99.000    12.1    11.4    11.5    10.4    10.1
94644 20180522  2.422  -68.70   44.93    22.2     4.6    13.4    14.5     0.0    18.96 C    27.3     1.6    13.3    92.4    26.9    58.8 -99.000   0.251 -99.000   0.294 -99.000    12.3    11.6    11.7    10.5    10.2
94644 20180523  2.422  -68.70   44.93    21.8     7.9    14.8    14.1     0.5    19.86 C    27.7     4.6    14.1    94.6    47.4    70.3 -99.000   0.245 -99.000   0.289 -99.000    13.2    12.2    12.2    10.7    10.3
94644 20180524  2.422  -68.70   44.93    17.6     1.9     9.7    10.9     0.0    26.50 C    33.3    -0.5    13.3    99.1    42.2    69.6 -99.000   0.240 -99.000   0.285 -99.000    12.6    12.0    12.1    10.9    10.5
94644 20180525  2.422  -68.70   44.93    30.1     9.8    20.0    21.3     0.0    24.17 C    35.5     7.4    20.9    87.9    26.7    55.4 -99.000   0.234 -99.000   0.281 -99.000    13.7    12.5    12.4    11.0    10.6
94644 20180526  2.422  -68.70   44.93    23.8     7.6    15.7    18.7     0.0    12.40 C    32.6     1.3    17.3    87.9    28.0    63.6 -99.000   0.229 -99.000   0.274 -99.000    14.6    13.5    13.3    11.5    10.8
94644 20180527  2.422  -68.70   44.93    18.1     3.5    10.8    12.0     0.0    26.54 C    33.3    -1.2    14.5    98.4    34.5    56.2 -99.000   0.224 -99.000   0.270 -99.000    13.6    13.0    13.0    11.7    11.0
94644 20180528  2.422  -68.70   44.93    17.4     3.9    10.7    11.8     0.0    15.06 C    28.9     0.5    13.6    90.8    48.0    68.8 -99.000   0.219 -99.000   0.264 -99.000    13.4    12.8    12.8    11.7    11.2
94644 20180529  2.422  -68.70   44.93    27.0     8.0    17.5    18.2     0.0    27.03 C    40.0     1.2    19.1    93.4    16.9    55.4 -99.000   0.213 -99.000   0.259 -99.000    14.4    13.3    13.1    11.8    11.3
94644 20180530  2.422  -68.70   44.93    23.9     3.5    13.7    14.7     0.0    28.25 C    37.3    -1.3    16.4    92.6    28.1    52.0 -99.000   0.208 -99.000   0.251 -99.000    14.0    13.3    13.2    12.0    11.4
94644 20180531  2.422  -68.70   44.93    28.8     6.7    17.8    18.5     0.0    27.92 C    41.8     3.4    20.6    89.2    35.3    60.6 -99.000   0.202 -99.000   0.244 -99.000    15.0    13.8    13.6    12.2    11.6
94644 20180601  2.422  -68.70   44.93    28.4    13.1    20.8    21.3     7.3    19.88 C    40.9     9.3    23.5    97.9    61.2    79.4 -99.000   0.200 -99.000   0.238 -99.000    16.4    14.8    14.5    12.6    11.8
94644 20180602  2.422  -68.70   44.93    20.8     7.9    14.3    17.7     0.0    25.18 C    33.7     2.2    19.7    99.0    48.1    69.5 -99.000   0.202 -99.000   0.234 -99.000    17.5    16.0    15.6    13.3    12.1
94644 20180603  2.422  -68.70   44.93    19.6     3.1    11.4    11.6     0.0    29.66 C    34.6    -1.6    14.9    93.5    30.7    62.2 -99.000   0.196 -99.000   0.233 -99.000    15.8    15.1    15.1    13.5    12.4
94644 20180604  2.422  -68.70   44.93    10.7     0.6     5.6     6.5     5.4     7.24 C    15.6    -3.0     7.6    98.0    63.0    86.3 -99.000   0.194 -99.000   0.229 -99.000    13.6    13.8    14.0    13.3    12.6
94644 20180605  2.422  -68.70   44.93    11.0     5.5     8.2     8.2    11.3     8.53 C    18.9     6.2    11.0    97.7    87.4    94.7 -99.000   0.206 -99.000   0.227 -99.000    13.1    12.9    13.1    12.7    12.5
94644 20180606  2.422  -68.70   44.93    16.0     7.7    11.8    11.3     0.0    13.34 C    23.6     3.5    13.4    98.9    60.9    84.1 -99.000   0.213 -99.000   0.233 -99.000    13.7    13.1    13.2    12.4    12.4
94644 20180607  2.422  -68.70   44.93    17.5    10.3    13.9    13.5     0.0    12.60 C    27.2     8.2    15.1    98.6    68.5    84.1 -99.000   0.210 -99.000   0.239 -99.000    14.2    13.4    13.5    12.4    12.3
94644 20180608  2.422  -68.70   44.93    23.0     7.0    15.0    15.1     0.0    22.90 C    32.4     2.4    15.6    97.4    24.5    67.2 -99.000   0.208 -99.000   0.240 -99.000    14.7    13.8    13.8    12.6    12.3
94644 20180609  2.422  -68.70   44.93    22.4     7.0    14.7    15.3     0.0    29.01 C    31.3     1.0    15.3    91.5    21.9    52.5 -99.000   0.205 -99.000   0.237 -99.000    14.6    13.8    14.0    12.8    12.4
94644 20180610  2.422  -68.70   44.93    19.6     2.8    11.2    12.2     0.0    28.18 C    35.6    -1.1    13.5    96.4    34.2    59.7 -99.000   0.200 -99.000   0.233 -99.000    14.2    13.6    13.8    12.8    12.5
94644 20180611  2.422  -68.70   44.93    21.7     1.8    11.8    12.8     0.0    26.68 C    35.2    -1.1    14.3    98.8    26.6    61.5 -99.000   0.196 -99.000   0.229 -99.000    14.2    13.5    13.8    12.7    12.5
94644 20180612  2.422  -68.70   44.93    27.0     2.8    14.9    17.4     0.0    27.64 C    33.7    -0.5    17.5    99.1    20.6    56.1 -99.000   0.191 -99.000   0.226 -99.000    14.6    13.7    13.8    12.7    12.6
94644 20180613  2.422  -68.70   44.93    29.6    15.7    22.7    22.0     0.0    27.78 C    38.9    10.5    23.1    87.8    27.7    56.3 -99.000   0.185 -99.000   0.222 -99.000    16.8    15.0    14.9    13.1    12.6
94644 20180614  2.422  -68.70   44.93    17.0     8.5    12.7    12.2     1.8     7.67 C    21.2     6.3    13.8    96.5    75.0    86.9 -99.000   0.181 -99.000   0.218 -99.000    16.2    15.4    15.4    13.7    12.9
94644 20180615  2.422  -68.70   44.93    24.4     3.9    14.2    15.3     0.0    29.55 C    36.2     1.0    17.6    98.8    28.6    63.5 -99.000   0.178 -99.000   0.214 -99.000    15.9    14.8    14.8    13.5    13.1
94644 20180616  2.422  -68.70   44.93    29.5     8.8    19.2    20.0     0.0    27.84 C    40.2     5.1    20.1    98.6    23.7    57.6 -99.000   0.172 -99.000   0.212 -99.000    16.8    15.4    15.4    13.7    13.2
94644 20180617  2.422  -68.70   44.93    23.1     9.3    16.2    16.6     0.0    23.76 C    35.1     6.4    18.7    96.1    40.6    66.6 -99.000   0.165 -99.000   0.208 -99.000    17.1    15.8    15.8    14.0    13.3
94644 20180618  2.422  -68.70   44.93    22.6    11.0    16.8    17.4    18.1     7.33 C    27.2     9.5    17.7    95.9    74.2    90.0 -99.000   0.162 -99.000   0.204 -99.000    16.7    15.7    15.7    14.2    13.5
